-5.83352842783
1.49224664167
-16.7783610991
6.21942709282
-12.9654685004
4.01355930827
-12.8017604386
-10.1730162682
-0.0725174279905
-2.31274861503
-11.4170534033
-2.19216993802
-12.0313440994
3.26812189398
-7.91266159135
3.00282787522
-7.06080777991
0.0961441950541
4.54515214459
6.60395599317
7.12505218437
2.25278516236
-12.8175112676
-3.28951487864
4.26507888594
24.3286568996
-12.0525868077
-1.56309731532
-0.841137779829
8.73137950617
-5.3761517358
-10.1480505467
-2.32376597998
5.64997997436
-8.86744395871
-5.96504234766
3.12664568843
5.80275688069
8.36989403628
6.96966335842
-3.32455984337
-2.10510350041
-12.9131719519
6.73008638108
-3.91034948243
6.91484662944
10.3024713671
14.1117809301
3.01317339266
-1.43119479948
12.1307398756
1.46251211034
10.7164905563
-4.20171909035
-4.10392722719
-3.37659005286
-0.110358915643
-1.23757385314
-0.287618518839
-6.21049768808
-11.0628335098
0.90434455748
-3.81966732997
4.42929978974
17.1696030889
-1.57995102246
9.06196082466
-4.1990215598
-6.71026859357
0.129919137647
-8.16429026651
-10.1758176069
-7.36720670823
-0.910111601264
0.943772037096
6.80261911594
11.1991853297
13.5814448362
10.6845038941
-10.2819781724
-1.52411476675
-2.67946508987
4.56476480864
6.47681954629
15.5846981071
2.24286098979
4.38560189736
-7.37112007454
-1.70180897087
-7.50072381223
-5.86064540423
22.0837973671
-3.47293069665
-5.71437792937
-1.37345531054
9.29970759268
-9.16937950304
-23.1167401991
-5.53384955995
0.0666203017301
4.74641628078
1.54615479245
-20.2675839095
2.10207160062
6.82796519301
10.4401739985
-10.2965975525
0.00440473722508
-15.7604997367
10.692338803
-2.89999267524
-6.38156030571
8.66894148311
-0.746979307842
-12.9997052507
-3.36283061908
-8.77435844412
9.32141374989
-2.73194150427
13.2510701773
11.7921988614
10.4050834437
5.86157773623
-11.7875383229
5.57278675387
10.8613675463
-23.2691046072
4.46839980288
-16.091211754
-8.59918908415
-17.4177059996
4.72110114061
-1.46350412044
3.81173720471
-9.37665335811
6.34402650627
28.6063615072
12.3765577981
4.88871092805
-15.5521474703
-13.9994040236
-15.1077052264
13.2509507044
9.5467904132
4.24604392878
7.80442589598
-7.15864002725
8.3562960895
5.09583362542
-6.60647067316
20.7637894402
2.91450633318
2.24360807463
-3.52253899803
6.67471699162
20.6479646881
10.8117488746
19.1584345
-22.0106731492
4.09467511939
-20.7230218024
-17.791578889
-5.98330832034
-4.9642057888
-16.8227095852
15.9636801161
-6.19383478658
-0.977890486678
-21.8504389701
-11.8237551296
-1.68000895747
-1.42747056911
8.8491245759
6.58627440168
0.036348486601
4.1625109161
-6.67574681309
-7.2746792875
4.88260989483
-3.83160349058
-19.6384381081
-22.4544940069
-3.38880316293
0.27512214888
-8.97986055862
10.4961396705
24.5229499385
9.53734789601
-3.12332571756
3.84139899574
-7.56134920072
6.3969101565
6.57155200566
-9.00779230754
2.54344970627
2.85409378203
-6.04693014526
0.851767254132
14.0011924485
5.21755533542
6.31475869822
3.72467780948
13.682587849
-3.57764241842
-7.76149441843
-9.48486423356
-11.8357655117
-12.772164155
2.85665323773
-3.8463984334
-2.05381831049
18.0177319826
0.655445658948
-9.86487350342
-24.6399170664
2.81631030972
8.83846164346
-8.5824442333
8.63917746516
-15.2029466419
8.36158564289
-2.66069098737
29.5850681511
8.57426730321
4.1381000254
8.90427101707
1.68056346677
6.85153907259
5.81950850056
16.2062251462
6.92496667876
7.26177631329
-14.605074885
5.94880455978
-19.3852326721
-8.41523379254
-4.17000937612
15.8835250184
14.8581902186
-25.7789625835
5.48673628877
8.38840613866
-9.42859933332
-9.90171099815
-6.78809533175
-9.86259454312
4.08684847481
-6.30581219502
2.53748191806
9.08940265842
5.23577185595
6.03032739668
6.98759490564
9.96321974659
12.2395623026
-7.40865867139
-17.0092943352
-23.9827720646
-9.65100355866
10.2969493388
-2.24330838865
-6.56913953917
7.22237593543
7.83755126667
-10.8795537163
-0.0695608079373
-6.36967849625
-15.9738611867
-11.4649733522
-6.91129013709
-6.22232143831
-4.72610034325
-20.3277653686
-3.32044946013
5.03679373776
8.18684320091
-5.72185334042
-11.7941223622
-9.96719030169
14.4623400088
0.398423988024
0.328709164416
-11.5313179739
-8.32042275763
1.23764755782
-4.84103699118
8.66846990693
5.3756289988
10.6984973001
0.71830292167
-3.74478848862
-0.20318982536
-2.76732609454
8.36149726355
-9.18959624689
-13.0238940295
-6.7593486193
-5.11504508947
6.23702077211
14.7531597647
7.69453810994
0.796195756099
6.67607556921
8.41896425829
4.12205549007
6.77439461398
6.21884084748
0.0348619751709
-10.1954740622
-4.64911914913
-7.42030036538
13.7815727297
6.97718599276
8.96416875381
-0.990088847132
4.67445470701
12.4707109397
-1.8883525822
3.8691463625
-3.51996687547
7.93613129233
20.4801923714
-13.3836596807
-2.35689628365
-3.38282511358
14.3379314559
-3.09940765064
9.34342883335
-11.7961360092
-12.6007693247
-1.22772336205
-10.1991960547
-3.21156547919
-8.03713756754
3.54063813738
15.3646952082
3.19642712255
0.59918210328
-7.27234470039
-2.343533199
2.93364120118
-17.6288922734
4.10763367578
-3.29562049107
-4.36488523962
-5.12192733235
3.23669207435
-23.9710281002
6.72360833222
-6.88041154975
-3.19466160735
1.76596924896
11.8286068095
-1.46152480631
7.17783333208
9.07443009475
-3.90572144272
-2.04208137379
-10.132236226
-3.84429334761
8.31211852453
5.96417797692
-15.0252768652
-5.21085839175
-3.68884560174
-7.72404272583
14.6325463251
-16.6259217195
-6.10403419579
11.3637597325
5.80084105012
-6.29822920623
-0.635851447751
-10.2037076318
2.02094659192
14.1904989629
6.75605918832
-3.56996179631
13.89217266
4.89356432373
-18.1984071423
23.9088030927
-2.10606936599
-3.84271811506
-14.256668478
18.1185625931
7.69373488751
-15.6517692001
2.68609960139
-7.11141730221
-2.46830683168
-12.3463354698
3.8525640478
6.93262849285
3.26506056308
5.38806022904
0.90466929213
0.601948219063
-10.5690344428
8.15106022008
2.32169098952
-13.8318071684
18.1732169759
-4.18557351656
4.63565561761
-12.2837388148
-6.95794623132
-9.40649074883
-6.48237123275
-1.58279208614
5.47459223433
11.4481777346
17.0902809828
4.3634969088
0.815451310874
-16.6764720212
-10.8986343325
11.3862084685
21.1438612064
-5.68183434155
14.8278052229
-4.43819312123
-2.87255878824
17.7738773115
-13.3010423985
-2.9512550898
1.48304864469
-7.71266894348
4.66637839535
21.4234652543
-8.04176198722
-0.63588686564
-9.8753871049
3.81539524959
-8.15065429847
-0.55197427406
6.38782492961
2.56794988994
10.1929957164
9.73805206197
5.29131467788
15.3417739553
1.86138434177
-16.0803995569
6.44834178373
-22.6748651528
2.54518973675
-15.3438004537
1.67335445801
-20.926580235
14.5367933991
3.66562101827
-13.2268161812
-7.74428673825
-2.79111175399
-9.40963715789
0.2398874029
-11.3319527454
-0.670948803426
-13.239048076
-1.03048233747
16.4422510263
-14.209091383
3.22561802542
0.884276481352
7.91247548262
6.94444022203
-7.18956991773
-3.86529311256
-0.156659276428
5.38229661313
5.36315444989
-4.87519836232
-2.44356953319
1.28333419139
-8.12797079462
-15.5665102027
-10.7455818472
-3.98680171833
20.1370137221
7.86040428825
4.52365329024
-9.16891153742
5.10230633142
10.5569538089
-7.97798889853
9.68937622588
-11.8461601643
-11.0150386704
8.82494556709
18.2860340124
-0.152618467772
13.5350547099
-3.9182648382
2.04296634263
3.31058652621
4.71082792094
21.12665444
2.74692259825
3.77500581376
-6.95689144421
7.03223868728
-2.81432835659
24.033213386
-5.81098439976
-1.17815425076
-13.8014052163
2.20052721319
-11.8915530251
-9.02617942057
1.09075940884
-14.5733649983
22.5182775654
-1.89544013467
0.342587413826
-8.59996844407
3.25467030093
1.4105987644
22.4126038578
8.27780747526
14.410688228
-15.4954778552
6.94239416564
12.393398905
-6.84682666606
-21.2282732967
-5.43032897792
7.98017170673
-22.0254448923
12.4219349647
-11.4007474442
14.5405831814
-3.30056595994
-12.5993908769
-7.89514544211
12.2705313843
4.73237553501
-12.7940637371
0.880646933607
0.217267089514
-18.6106375987
6.91580965129
-7.81483416753
12.9588772982
-1.78886254982
-1.40044987262
-4.83896445208
4.62767196728
-13.9914722586
-5.63559146161
-10.5213530224
10.371317007
4.8135853353
1.81968828368
19.5645211959
9.07858231432
-5.03639730864
-11.6865463905
3.65001791381
9.80211620989
0.976810656581
24.79000994
14.240086715
1.05172326563
-15.8721357396
-23.708583396
-1.13387906612
1.89116361736
7.05966710538
-8.07768663065
27.4411082298
3.38991599186
-8.98898237162
16.3509678971
5.95701499739
4.12490888931
-11.8010167449
4.78407453746
8.61285630968
-12.1207060115
2.32910943104
4.97076666088
35.8749950374
-11.554325873
6.816587491
-10.9774437817
19.5038024341
0.200458755182
-7.38612709074
-8.21167920761
4.38369387951
5.97493053377
-10.6235106395
-9.55734726894
-10.1495519877
12.1784506279
-10.0996792397
7.0918116784
34.3128165383
6.09041628495
-10.7864310023
15.0455318419
14.0625439128
-6.99537737021
-0.0667893009007
-0.497075943403
3.26067825703
-13.2267360212
7.94280618005
-7.85998127614
-9.30786976919
19.8535476256
-2.85634938368
-18.5605066839
-3.03539902839
1.7790518783
-14.3048536047
14.0204300561
-0.968340609972
-20.1527893946
6.05037717739
2.33635434646
-0.529213654224
-4.26589010685
-3.85455335104
-0.14543648086
-0.151100216321
7.11110136037
-4.44768162808
-18.8157647264
-8.85982177986
-4.9721286747
16.1271680843
4.63031005842
24.6869984207
-5.79992706876
-11.2875490612
11.2814633863
1.13901905624
-16.7422817185
9.79991708535
-7.24753811199
-10.0596229095
7.67351092074
-6.20921217015
-13.8264912739
-7.50450310222
-7.39461008066
-5.317645372
-4.18328544874
-2.29479768548
-13.3050985296
-0.191984583518
-11.6104471647
-3.39203476424
-10.1201960715
9.39259297381
-0.722512289327
1.05692388967
17.2300538831
-6.20267564274
12.2274299351
20.3714334256
-3.58560569088
-0.276796364029
-3.30596564883
15.7654380328
4.71680813799
2.36553722231
-11.0740067588
5.31418553212
6.97890552232
8.15980162665
3.90243341656
5.62585217653
-27.3143199281
-2.87737525109
-7.50294768002
0.780458954433
9.33889046164
2.87506697297
-1.86427353498
-15.4492882762
-15.1340681567
-14.739825712
-11.0018293011
8.50700874294
-3.19557061087
-7.65098487126
13.1391826975
4.12065760367
14.4173381094
5.25930955127
9.6606239945
-0.165927153316
-0.251258582118
5.80956876545
5.18478818167
-1.0115795838
-10.7382474312
-5.39769030922
3.7968516422
2.14269089751
-6.87195743058
-10.9381336097
3.7517509414
6.66575999256
-2.40332242014
-10.0377558455
2.32827406689
-2.75818842424
-4.30149244652
0.957573119166
26.3184860842
-7.36339380975
-4.03894566745
11.5534007064
-2.53652377833
29.0205139876
-3.44484680352
21.1981653651
13.8905954785
-6.79851291566
-8.65205121684
20.0897150029
-6.77790881314
1.42990499794
-4.41358689981
-7.32939246943
13.7215442381
8.14404786821
2.57096580972
1.9890316058
-12.6822096065
-2.47457218022
-3.16483507751
2.32204027767
-3.914493186
-27.3754212124
-0.67633545454
1.58426376176
3.35740804899
-2.38980364308
-2.31336722973
3.06605516114
-6.29825917053
11.8614241425
4.60165387253
-11.220424186
9.86560702922
14.4180109661
-9.40713498794
11.3309221378
-8.01912662029
-5.77677640483
-9.24831029721
-10.7832048067
-23.9129581318
-3.51899144412
5.02335878665
-12.8508268347
-3.12541990691
-5.47119376561
8.77079713939
13.0411967547
-13.3362300802
3.6928785802
-10.162394613
-13.1233203889
11.1032721555
-18.5713614981
-1.52762086216
3.81332259084
3.57010436467
-9.95725545319
0.768377775718
7.99462734654
20.5593930198
-6.25829534454
9.6942077254
20.2312637294
-15.1021463669
0.884008794106
0.752753655874
-6.72067336634
-6.40773071685
-11.726810534
-0.467094330979
-4.5591252652
16.1544602077
16.5756805044
7.41911338244
-4.09086549405
11.5475305867
1.93906174691
15.3960499659
-7.77480077827
1.94697930157
4.92502694874
-4.94673858264
0.782352464154
18.4906509111
-8.8535688319
15.7065475018
3.74740156273
-6.82643683961
6.20637509122
6.08460614773
5.37544991844
-7.82504069903
-4.17891870043
2.29330389051
-0.403879424941
-7.39303012848
2.60585670323
1.39555751891
-4.89268588323
0.818207620191
-10.216122882
-6.27641374519
3.73503147096
-4.4642486237
-2.03808789682
-16.961627048
-3.38948902454
-1.20149446332
-3.54955020755
5.4419466333
8.21882577543
-2.83001151709
5.16602969457
-13.792363851
-15.8617845728
11.9895046588
-16.1731605601
22.8987765018
10.8120019254
18.2075759806
-0.706069418938
8.31171356877
7.38076174415
-2.02687722341
6.7897073032
4.84577708325
2.78456780319
2.81926047326
8.95815766467
11.7004475393
4.22439488418
0.83832686073
-6.78194703985
0.53312941472
30.1478941914
17.820642269
-7.92440001548
-1.31139440543
0.197476415529
8.39573740558
0.992121750202
0.236957374538
7.2767439319
-12.726097442
-20.7414235148
-14.9493550627
10.8954742473
4.98380016811
-7.08651575382
-4.98356193732
25.2549951292
25.7218668103
5.91843735307
4.73935191253
2.91366320804
-15.4806766297
7.40921161858
-5.15712648852
-7.28768821022
-1.25082405898
-8.42125364607
8.77468063803
-9.42248496643
-6.6079140593
-5.41887464007
-12.3510406474
10.3782369017
-15.1462059287
14.4402849359
3.30867894257
6.66842429671
15.9782635337
-10.4183191104
-14.6103385807
0.925461549606
-4.31689353959
-17.086782235
-12.5476951331
2.60034354825
14.3780821399
1.43961010412
-21.4769643215
-1.99853644069
-8.87209977042
-7.09763221473
0.600492005602
0.244895918538
14.3903934479
4.75948740505
-1.98587943898
-10.0669348158
-10.351451092
8.67816086523
-14.7959048179
1.66695326784
-31.0525548925
7.97437519194
4.58892709505
-3.86650261713
9.5790136463
-13.0204161973
-3.97582576887
-3.06198797811
-4.47570568999
-21.8310763905
6.77857529762
-8.80720935606
2.95599366075
-4.4797906964
1.19932847725
7.79363442656
-1.94445418642
-6.96185687927
-22.0811326533
-2.58124497556
14.7815721944
-2.42027227407
-1.98546091454
-1.77295646043
-16.8894927351
5.07222860074
-3.23369074838
6.70432950261
-4.78194960847
5.92203671639
-24.1242068891
14.469217874
-7.87597230097
17.5307435099
9.14522736059
-7.26269024545
-5.52631999971
18.9254099587
7.15209381603
-5.853110234
-29.8945383782
-18.9545208574
-5.53807127077
-5.85310430137
6.86744565576
-4.29342316034
-1.75235076276
9.9504775655
8.31272997684
-6.82271519038
4.01199738339
-6.72166353569
-12.2149869482
-15.7844776035
-0.334527666582
1.79169626372
5.11951336303
-5.68276886575
-3.63323575739
-8.8725311248
1.10357927301
-0.331304987446
-7.92772161902
11.8562601832
-8.20770363095
-0.297781050096
-0.964975326673
14.3292589644
-3.51134473107
-4.08386467847
13.3434501798
7.052019189
-11.9494005243
2.54539240446
-3.5127074371
-6.7029098869
-14.6424935231
-9.31758206943
-17.7449571911
4.74972657122
26.4739763071
8.46913890715
9.37981332067
-14.0267281603
-0.039286784763
-6.2183137796
-13.7290038009
